600.00000	-99.83455
602.00000	-96.54145
604.00000	-96.44663
606.00000	-97.26492
608.00000	-93.92994
610.00000	-93.96529
612.00000	-97.28595
614.00000	-96.28965
616.00000	-105.75510
618.00000	-100.01457
620.00000	-94.64678
622.00000	-94.59074
624.00000	-86.39556
626.00000	-94.10058
628.00000	-88.08489
630.00000	-91.00258
632.00000	-104.12386
634.00000	-86.37667
636.00000	-85.71785
638.00000	-85.64754
640.00000	-76.74876
642.00000	-77.98826
644.00000	-70.48428
646.00000	-68.96465
648.00000	-67.87944
650.00000	-68.57923
652.00000	-71.48556
654.00000	-74.19044
656.00000	-77.76686
658.00000	-81.87321
660.00000	-83.63390
662.00000	-90.32080
664.00000	-87.92399
666.00000	-97.34664
668.00000	-90.10611
670.00000	-99.28859
672.00000	-93.12017
674.00000	-94.36015
676.00000	-97.39708
678.00000	-102.31850
680.00000	-96.21524
682.00000	-101.42033
684.00000	-97.94977
686.00000	-99.27352
688.00000	-102.61447
690.00000	-93.93855
692.00000	-103.41699
694.00000	-103.26709
696.00000	-104.50725
698.00000	-107.76334
700.00000	-100.29370
702.00000	-99.78251
704.00000	-97.21970
706.00000	-112.40932
708.00000	-98.93909
710.00000	-99.64004
712.00000	-105.84798
714.00000	-107.95366
716.00000	-101.75502
718.00000	-97.00895
720.00000	-103.54706
722.00000	-105.33199
724.00000	-103.54215
726.00000	-97.87332
728.00000	-103.47120
730.00000	-99.71539
732.00000	-112.29480
734.00000	-109.51888
736.00000	-102.06901
738.00000	-98.07139
740.00000	-102.77443
742.00000	-111.27033
744.00000	-102.86469
746.00000	-112.33331
748.00000	-102.75213
750.00000	-105.37401
