600.00000	-99.63800
602.00000	-97.64976
604.00000	-100.63336
606.00000	-99.48027
608.00000	-104.03545
610.00000	-97.11010
612.00000	-95.52561
614.00000	-101.82458
616.00000	-111.16801
618.00000	-98.72857
620.00000	-102.83533
622.00000	-104.43898
624.00000	-97.23573
626.00000	-104.31193
628.00000	-104.66280
630.00000	-105.81967
632.00000	-93.97878
634.00000	-99.06390
636.00000	-98.86414
638.00000	-108.34845
640.00000	-86.34062
642.00000	-92.41696
644.00000	-90.42305
646.00000	-84.02109
648.00000	-81.44299
650.00000	-84.53093
652.00000	-81.95563
654.00000	-86.46202
656.00000	-88.72973
658.00000	-93.50488
660.00000	-101.98230
662.00000	-101.50613
664.00000	-106.93063
666.00000	-108.90511
668.00000	-99.68689
670.00000	-104.39829
672.00000	-100.36221
674.00000	-109.27450
676.00000	-107.04977
678.00000	-107.47297
680.00000	-111.83097
682.00000	-107.91968
684.00000	-101.01693
686.00000	-105.72797
688.00000	-109.56737
690.00000	-100.25943
692.00000	-98.86268
694.00000	-108.46214
696.00000	-100.34437
698.00000	-102.86682
700.00000	-102.40326
702.00000	-102.22518
704.00000	-103.34922
706.00000	-102.42879
708.00000	-103.42006
710.00000	-111.91532
712.00000	-108.91201
714.00000	-99.67605
716.00000	-100.37218
718.00000	-111.50192
720.00000	-102.15951
722.00000	-105.11598
724.00000	-101.36591
726.00000	-100.23989
728.00000	-101.22566
730.00000	-99.68817
732.00000	-100.76886
734.00000	-106.54447
736.00000	-107.24578
738.00000	-108.24843
740.00000	-107.88624
742.00000	-103.92405
744.00000	-128.56033
746.00000	-105.94001
748.00000	-103.78391
750.00000	-114.11364
