600.00000	0.00002
605.00000	0.00006
610.00000	0.00004
615.00000	0.00005
620.00000	0.00006
625.00000	0.00008
630.00000	0.00011
635.00000	0.00014
640.00000	0.00022
645.00000	0.00047
650.00000	0.00112
655.00000	0.00269
660.00000	0.00387
665.00000	0.00259
670.00000	0.00114
675.00000	0.00045
680.00000	0.00022
685.00000	0.00012
690.00000	0.00010
695.00000	0.00007
700.00000	0.00005
705.00000	0.00005
710.00000	0.00005
715.00000	0.00002
720.00000	0.00003
725.00000	0.00002
730.00000	0.00003
735.00000	0.00003
740.00000	0.00001
745.00000	0.00002
750.00000	0.00003
