600.00000	-82.86995
605.00000	-90.70177
610.00000	-88.70167
615.00000	-80.46304
620.00000	-83.21259
625.00000	-91.41392
630.00000	-85.33034
635.00000	-82.74644
640.00000	-79.43087
645.00000	-86.86768
650.00000	-89.99525
655.00000	-82.83734
660.00000	-78.89823
665.00000	-85.06879
670.00000	-95.45383
675.00000	-82.99627
680.00000	-84.07358
685.00000	-89.73826
690.00000	-90.31776
695.00000	-84.34317
700.00000	-91.20227
705.00000	-89.05869
710.00000	-91.53410
715.00000	-108.42842
720.00000	-93.65284
725.00000	-82.74549
730.00000	-82.33777
735.00000	-92.52876
740.00000	-84.46992
745.00000	-87.44151
750.00000	-89.24972
