600.00000	-92.63379
605.00000	-93.69206
610.00000	-94.94716
615.00000	-92.00761
620.00000	-92.51817
625.00000	-92.42702
630.00000	-98.09201
635.00000	-91.25421
640.00000	-87.25987
645.00000	-88.03905
650.00000	-81.71992
655.00000	-85.80742
660.00000	-95.44175
665.00000	-100.06924
670.00000	-97.81823
675.00000	-113.21957
680.00000	-105.62972
685.00000	-98.09492
690.00000	-98.58205
695.00000	-105.92754
700.00000	-104.38134
705.00000	-96.82675
710.00000	-103.85302
715.00000	-100.97306
720.00000	-98.37406
725.00000	-100.60380
730.00000	-102.63024
735.00000	-102.75343
740.00000	-107.85059
745.00000	-113.39179
750.00000	-107.54303
