600.00000	-101.69970
605.00000	-91.99856
610.00000	-98.96188
615.00000	-89.22679
620.00000	-85.65406
625.00000	-82.57172
630.00000	-73.39475
635.00000	-67.01602
640.00000	-59.17147
645.00000	-55.04536
650.00000	-57.46008
655.00000	-64.82360
660.00000	-72.19817
665.00000	-81.88054
670.00000	-84.53254
675.00000	-88.05798
680.00000	-94.70263
685.00000	-95.28411
690.00000	-94.39479
695.00000	-98.55062
700.00000	-98.11102
705.00000	-95.10006
710.00000	-98.58855
715.00000	-101.36730
720.00000	-99.81196
725.00000	-102.65149
730.00000	-96.84177
735.00000	-97.19425
740.00000	-99.21699
745.00000	-97.60187
750.00000	-92.62195
