600.00000	-101.46846
605.00000	-93.68574
610.00000	-93.18287
615.00000	-101.93119
620.00000	-101.79378
625.00000	-89.96916
630.00000	-84.62806
635.00000	-82.79584
640.00000	-70.33555
645.00000	-68.09029
650.00000	-71.24981
655.00000	-77.55171
660.00000	-84.18782
665.00000	-90.73285
670.00000	-97.24834
675.00000	-92.27046
680.00000	-104.04940
685.00000	-103.05863
690.00000	-99.46734
695.00000	-96.22603
700.00000	-99.95346
705.00000	-107.68169
710.00000	-105.68445
715.00000	-100.39679
720.00000	-95.46127
725.00000	-96.74988
730.00000	-103.17023
735.00000	-105.47511
740.00000	-98.54654
745.00000	-96.53266
750.00000	-93.64735
