600.00000	-87.24111
605.00000	-90.32120
610.00000	-85.94505
615.00000	-84.35834
620.00000	-80.59368
625.00000	-76.87600
630.00000	-70.92439
635.00000	-63.83226
640.00000	-56.47886
645.00000	-52.52092
650.00000	-54.85881
655.00000	-61.89960
660.00000	-70.31167
665.00000	-74.14158
670.00000	-83.23898
675.00000	-83.14262
680.00000	-85.59901
685.00000	-88.37637
690.00000	-88.06791
695.00000	-96.52183
700.00000	-91.89721
705.00000	-95.00565
710.00000	-93.06083
715.00000	-93.48816
720.00000	-99.86325
725.00000	-95.08008
730.00000	-91.78983
735.00000	-90.13456
740.00000	-105.68745
745.00000	-96.32174
750.00000	-98.40133
