600.00000	-103.74533
605.00000	-96.10051
610.00000	-93.28353
615.00000	-90.64486
620.00000	-103.64153
625.00000	-98.71415
630.00000	-84.03654
635.00000	-80.22936
640.00000	-72.75418
645.00000	-69.18511
650.00000	-72.34568
655.00000	-76.65927
660.00000	-82.76933
665.00000	-94.13196
670.00000	-88.46508
675.00000	-100.85019
680.00000	-101.54499
685.00000	-97.96377
690.00000	-95.99582
695.00000	-97.65049
700.00000	-97.56604
705.00000	-102.60386
710.00000	-103.80035
715.00000	-97.89391
720.00000	-95.47748
725.00000	-94.43621
730.00000	-94.67993
735.00000	-98.25552
740.00000	-97.85203
745.00000	-104.40668
750.00000	-98.51843
