600.00000	0.00000
605.00000	0.00000
610.00000	0.00000
615.00000	0.00000
620.00000	0.00000
625.00000	0.00000
630.00000	0.00000
635.00000	0.00000
640.00000	0.00000
645.00000	0.00000
650.00000	0.00000
655.00000	0.00000
660.00000	0.00000
665.00000	0.00000
670.00000	0.00000
675.00000	0.00000
680.00000	0.00000
685.00000	0.00000
690.00000	0.00000
695.00000	0.00000
700.00000	0.00000
705.00000	0.00000
710.00000	0.00000
715.00000	0.00000
720.00000	0.00000
725.00000	0.00000
730.00000	0.00000
735.00000	0.00000
740.00000	0.00000
745.00000	0.00000
750.00000	0.00000
