600.00000	-102.00169
605.00000	-100.90953
610.00000	-124.23490
615.00000	-96.70089
620.00000	-105.63505
625.00000	-88.66264
630.00000	-95.80967
635.00000	-78.28673
640.00000	-72.62335
645.00000	-68.61883
650.00000	-70.35205
655.00000	-77.13046
660.00000	-84.44871
665.00000	-99.09462
670.00000	-115.93952
675.00000	-93.94497
680.00000	-105.28858
685.00000	-100.66784
690.00000	-112.72275
695.00000	-104.94078
700.00000	-102.93365
705.00000	-103.43154
710.00000	-110.58527
715.00000	-109.59587
720.00000	-108.30570
725.00000	-108.51617
730.00000	-105.06953
735.00000	-108.45965
740.00000	-102.74663
745.00000	-107.59817
750.00000	-107.50078
